0 19 1
19 39 0
39 58 0
58 77 1
77 96 0
96 116 0
116 135 0
135 155 0
155 174 0
174 193 0
193 213 1
213 232 1
232 252 0
252 271 1
271 291 0
291 310 1
310 329 0
329 349 1
349 368 1
368 387 0
387 407 0
407 426 0
426 445 0
445 465 1
465 484 0
484 503 0
503 523 1
523 543 0
543 562 1
562 581 1
581 600 1
600 620 0
620 640 1
640 659 0
659 679 1
679 698 0
698 717 0
717 736 0
736 756 0
756 775 0
775 795 1
795 814 0
814 833 1
833 853 0
853 872 0
872 892 0
892 912 1
912 931 0
931 950 0
950 969 1
969 989 0
989 1009 0
1009 1028 0
1028 1047 0
1047 1067 1
1067 1087 1
1087 1106 0
1106 1126 1
1126 1146 0
1146 1166 0
1166 1185 0
1185 1204 0
1204 1223 0
1223 1242 1
1242 1262 1
1262 1281 0
1281 1301 0
1301 1321 0
1321 1341 0
1341 1360 0
1360 1379 1
1379 1399 1
1399 1418 1
1418 1437 1
1437 1457 0
1457 1477 0
1477 1497 0
1497 1516 0
1516 1535 0
1535 1555 1
1555 1575 0
1575 1594 0
1594 1614 0
1614 1634 0
1634 1653 0
1653 1672 0
1672 1691 1
1691 1711 0
1711 1731 0
1731 1750 1
1750 1770 0
1770 1789 0
1789 1808 1
1808 1827 0
1827 1847 0
1847 1867 0
1867 1886 1
1886 1905 0
1905 1924 0
1924 1944 0
1944 1963 1
1963 1982 0
1982 2002 0
2002 2021 0
2021 2041 0
2041 2060 1
2060 2080 0
2080 2100 1
2100 2119 0
2119 2138 0
2138 2158 0
2158 2177 1
2177 2196 0
2196 2215 0
2215 2235 0
2235 2254 0
2254 2274 0
2274 2294 1
2294 2314 0
2314 2333 1
2333 2353 0
2353 2372 0
2372 2391 0
2391 2411 0
2411 2431 0
2431 2450 0
2450 2470 1
2470 2489 1
2489 2508 0
2508 2528 0
2528 2547 0
2547 2567 1
2567 2586 1
2586 2606 1
2606 2625 1
2625 2644 1
2644 2664 0
2664 2683 1
2683 2703 1
2703 2722 0
2722 2742 0
2742 2761 0
2761 2780 0
2780 2800 0
2800 2820 0
2820 2840 0
2840 2859 0
2859 2878 0
2878 2893 0
2893 2912 0
2912 2932 1
2932 2952 0
2952 2972 1
2972 2991 1
2991 3011 0
3011 3030 1
3030 3050 0
3050 3070 0
3070 3089 0
3089 3109 1
3109 3129 1
3129 3148 1
3148 3168 0
3168 3187 1
3187 3207 1
3207 3227 1
3227 3246 0
3246 3265 0
3265 3285 0
3285 3304 0
3304 3323 1
3323 3343 1
3343 3362 1
3362 3381 1
3381 3401 0
3401 3421 0
3421 3440 1
3440 3459 0
3459 3479 1
3479 3499 0
3499 3512 0
3512 3532 0
3532 3551 0
3551 3570 0
3570 3590 1
3590 3610 0
3610 3630 1
3630 3649 0
3649 3668 0
3668 3688 0
3688 3708 1
3708 3727 1
3727 3747 0
3747 3767 1
3767 3786 0
3786 3805 0
3805 3824 1
3824 3844 0
3844 3864 1
3864 3884 0
3884 3904 1
3904 3923 0
3923 3942 0
3942 3962 1
3962 3982 1
3982 4001 0
4001 4021 0
4021 4041 0
4041 4060 0
4060 4080 0
4080 4100 0
4100 4120 0
4120 4139 0
4139 4159 1
4159 4178 1
4178 4197 0
4197 4216 1
4216 4236 1
4236 4255 0
4255 4274 0
4274 4294 0
4294 4314 0
4314 4334 0
4334 4353 0
4353 4373 0
4373 4392 0
4392 4411 1
4411 4431 0
4431 4450 0
4450 4470 0
4470 4489 0
4489 4509 0
4509 4528 0
4528 4547 0
4547 4566 0
4566 4585 0
4585 4605 1
4605 4625 1
4625 4645 1
